Hayward
3.85  58    43    51
2.47  60    46    53
3.63  64    48    56
1.24  66    50    58
0.55  68    53    60
0.0   71    56    63
0.0   74    58    66
0.0   75    65    67
0.32  75    57    66
1.00  72    54    63
2.17  64    48    56
3.12  58    43    50
Seattle
5.20  48    37    43
3.90  51    38    44
3.31  54    40    47
1.97  59    44    49
1.57  65    49    51
1.42  71    54    62
0.63  76    58    67
0.75  77    58    68
1.65  71    54    63
3.27  61    47    54
5.00  52    41    47
5.42  47    37    42
Buenos Aires
5.10  88    69    75
5.00  82    68    73
5.60  78    65    70
4.20  72    59    66
2.65  66    54    64
2.1   60    48    57
2.4   59    45    52
2.95  62    49    56
3.15  65    52    58
5.00  71    57    64
4.8   76    62    67
4.63  82    67    74
New York
3.23  38    12    30
3.0   43    29    36
4.2   50    37    44
4.6   62    44    56
4.32  78    54    72
2.81  85    64    76
1.4   98    72    82
1.15  87    67    75
2.3   76    62    68
3.4   65    45    55
3.89  60    40    48
4.0   52    33    42
New Delhi
0.4   69    46	  57
1.37  77    52    65
0.76  88    61    74
0.46  99    71    85
1.84 104    78    91 
2.27 103    81    92
4.66  97    81    89
5.62  95    80    87
4.31  94    77    85
0.41  92    68    80
0.17  83    56    70
0.15  74    48    61
